57345
44696
64350
30173
15940
1862
56771
61145
17329
15215
29382
41981
51381
16455
18631
58662
39666
53753
1311
44401
5768
54993
15204
21498
43728
26820
62743
44668
54140
57821
12096
45950
36982
10910
10587
52922
12773
1822
48532
30102
17038
12378
6547
2883
28834
25178
61546
2964
13395
62857
47365
19163
52314
62569
40661
30506
23854
37869
9638
12458
30154
21735
58408
1600
32645
3460
54523
45418
5282
37519
9984
22320
49897
16531
25204
13195
41710
21214
16159
55105
18535
63524
8733
5313
60558
49394
35820
18876
21727
45458
31334
51882
1657
24207
53482
34303
27667
42469
14185
32949
14452
24170
55270
64350
40701
14938
12009
16875
36152
28169
6445
54687
26157
15178
60000
21179
64572
30284
40055
20764
10207
5854
7110
11864
30061
60592
46167
57728
37526
60353
25141
51978
18987
14875
50792
59688
29813
62802
11028
429
25435
17473
55116
51592
32651
49581
7236
31687
14329
47291
52451
24536
53145
59561
36401
17670
54618
17032
9862
26608
11849
35004
13050
30836
49879
63843
24989
14157
61109
36017
14586
21008
53490
4167
7064
20605
53748
14300
52292
2541
61592
39208
27078
49201
33233
63479
1336
22315
14975
11198
48923
26825
46202
61974
57661
30546
60281
17114
44703
55854
53131
59289
11326
41085
63456
18390
61690
51668
32691
48447
54210
28747
22119
15752
12412
55352
13695
13748
12132
28670
24947
61055
55495
5613
57493
47621
36159
52238
64735
15326
42556
52331
9080
53882
27880
7000
6737
24035
58669
39428
6946
47343
2639
29065
63095
15051
18881
11254
28800
31013
39924
53747
26533
29884
59360
18490
11969
29984
5193
11168
45310
47749
63499
54390
36096
25844
61391
42833
49879
54524
16725
56825
36331
19364
20354
33890
34415
39235
45144
63215
4713
19532
51426
31246
49416
45251
49736
61385
9699
54929
7018
55009
37143
4981
43864
7703
30825
39719
50536
15168
28707
1725
6457
65038
21089
26811
33392
55504
511
13000
53184
5224
32532
39074
36470
16413
18789
20670
12262
28488
10064
19280
17962
47207
24262
61826
54910
55087
36009
39910
4720
64716
41635
11177
64218
62724
37989
32074
52692
38500
45074
40340
43724
12070
13879
14658
28483
32668
35328
40746
61157
45392
60026
13583
27063
18752
9873
16437
8304
45882
56347
13024
45062
32446
24201
43744
29634
62190
10282
16791
35154
55356
57131
13342
1890
5474
28000
30374
38143
63329
5584
33764
43185
74
47347
4713
18827
57220
21150
27131
37566
11962
40155
17092
44408
64356
60836
8507
61011
5582
25298
30629
60938
16893
43972
62828
22368
6436
27666
60511
4229
33250
28739
47415
33325
10550
52128
52152
2234
7742
13747
39800
19704
53902
56892
64113
52722
52192
7084
48197
57774
32382
13291
53176
49275
57263
50468
6107
63699
12599
1082
2393
45849
29821
49808
13638
40371
36400
254
42605
44142
14001
16869
63847
2367
8225
62424
55090
60417
3972
37751
52655
36354
51042
40295
20093
42769
25228
26201
40933
37827
27283
43326
18140
57105
27598
31779
31940
63998
32033
9010
42604
46035
25879
40915
48402
34105
37803
37956
28986
41775
10172
16106
12593
61214
56401
32687
38448
16093
58888
13845
53920
20635
57171
6525
12204
19233
38304
44145
17695
4801
53155
60299
50836
13498
35679
33703
47603
7946
6123
11054
49722
16295
27160
62315
11974
18025
29466
50422
34119
22818
64267
22503
43454
55902
29028
55658
9599
1796
34267
27294
6598
21886
22057
57434
35385
57736
25601
17452
147
31725
28506
49869
48020
55666
46648
59994
8156
10579
44880
42275
33397
43611
64778
11315
33977
28271
1438
43576
30067
35705
5334
36665
57592
27392
28564
27441
19592
54165
44893
19739
20354
7864
4072
2839
63530
50721
62833
6150
61300
42178
48425
29161
20253
47668
40477
54231
10403
41915
32271
40470
12084
37606
11600
4140
64998
40164
31581
19054
28793
10939
38794
49148
18803
42866
51987
16797
28051
49284
22948
23815
25926
5837
52977
46180
53505
27918
34875
63908
4297
1610
38843
16381
39216
50443
20522
38678
25071
52103
57733
53864
63042
30991
37476
16309
8321
23927
33107
36373
7676
56055
60188
33602
61892
47629
14246
49862
10011
49121
48234
14308
50732
21541
30690
24412
6448
51212
63091
31519
37779
55288
19848
35286
20743
57324
51595
29064
15716
19166
65437
23392
9685
60090
56994
6042
42183
5705
55904
52195
54826
38602
967
40022
60144
31657
64435
1056
17333
61990
32576
55113
51742
52424
24863
6949
44212
10922
36013
59928
30089
35915
17784
39774
30469
9243
45816
7116
14948
36184
59311
4238
9251
60279
44261
3859
26400
43160
4915
43734
39614
37491
33311
25820
24379
58174
32769
3056
3560
3246
62984
33649
39161
15233
7888
4094
24476
53704
11211
39424
24353
4986
43662
33604
65265
22387
37463
26130
11
42378
4328
39625
14334
37639
65445
38713
30277
32678
41769
33837
35925
39218
1951
9550
54451
9839
13645
13391
63543
24856
52815
22360
29842
30941
55964
29572
53329
27891
55702
53340
4734
60030
27430
19068
32133
27339
57781
62410
60018
34015
30711
30407
7697
32662
39957
62148
42501
53602
10003
40509
12922
62818
62869
42765
28223
53298
6801
16016
15653
62503
3821
20387
56997
31251
39455
23594
58590
31701
20468
53072
180
51179
17943
7877
18306
57901
4489
60807
45967
14492
35780
58890
11774
33114
36119
39997
20876
42920
56014
36529
39887
59835
56917
31348
25550
30836
54942
18604
62537
9874
6141
62717
61053
24084
5058
13823
16449
9547
9095
62417
24039
44875
55771
35813
12453
26354
10275
33329
3738
753
4323
43625
60588
61240
9437
20602
26540
64379
39206
23542
8717
45347
20723
4234
3896
25782
18058
20345
35329
27153
17226
59369
6492
7461
29646
18946
33815
39921
52275
37553
40674
56598
15642
35726
52302
25079
56328
13307
23922
29999
36849
32639
9810
57572
36874
13706
17818
54932
34052
53148
16549
51278
46981
23041
58740
11091
41987
27019
51013
28727
64573
26151
19789
14679
61878
6556
39759
52670
19863
63681
17133
56712
30785
26944
48748
2123
40650
1031
57055
9166
54179
8068
60445
35624
31109
53649
46715
7561
15132
32192
36288
14169
58344
56077
28849
54686
62633
3072
41820
16960
1217
58954
8136
32002
20362
56885
34125
61012
57916
25644
4643
46559
33712
65088
16647
64822
53201
63362
6847
2797
30019
